65, 3
68, 3
69, 3
70, 3
74, 3
76, 3
77, 3
78, 3
81, 3
87, 3
92, 3
93, 3
99, 3
30, 5
33, 5
36, 5
37, 5
44, 5
54, 5
59, 5
63, 5
65, 5
68, 5
69, 5
70, 5
72, 5
74, 5
76, 5
77, 5
78, 5
81, 5
87, 5
92, 5
93, 5
95, 5
29, 8
50, 8
95, 8
34, 9
37, 9
44, 9
65, 9
68, 9
69, 9
70, 9
73, 9
74, 9
77, 9
78, 9
87, 9
89, 9
92, 9
29, 10
34, 10
50, 10
95, 10
29, 11
34, 11
55, 11
65, 11
68, 11
69, 11
70, 11
73, 11
74, 11
78, 11
89, 11
90, 11
92, 11
94, 11
95, 11
121, 11
124, 11
125, 11
127, 11
50, 13
54, 13
66, 13
68, 13
69, 13
70, 13
72, 13
73, 13
74, 13
76, 13
77, 13
78, 13
81, 13
83, 13
87, 13
89, 13
90, 13
93, 13
94, 13
95, 13
99, 13
101, 13
102, 13
104, 13
106, 13
111, 13
112, 13
113, 13
29, 14
34, 14
50, 14
54, 14
66, 14
120, 14
55, 15
65, 15
68, 15
73, 15
92, 15
95, 15
98, 15
99, 15
101, 15
103, 15
104, 15
105, 15
106, 15
107, 15
109, 15
110, 15
111, 15
112, 15
114, 15
116, 15
118, 15
119, 15
120, 15
121, 15
124, 15
50, 16
53, 16
58, 16
77, 16
80, 16
83, 16
88, 16
89, 16
97, 16
128, 16
95, 17
100, 17
113, 17
124, 17
128, 17
30, 18
31, 18
33, 18
36, 18
39, 18
40, 18
43, 18
46, 18
48, 18
49, 18
50, 18
51, 18
53, 18
65, 18
80, 18
81, 18
83, 18
88, 18
89, 18
92, 18
95, 18
98, 18
102, 18
103, 18
124, 18
128, 18
95, 19
97, 19
124, 19
128, 19
19, 20
24, 20
26, 20
28, 20
30, 20
36, 20
37, 20
40, 20
50, 20
54, 20
55, 20
59, 20
60, 20
63, 20
65, 20
66, 20
68, 20
69, 20
70, 20
72, 20
74, 20
76, 20
77, 20
78, 20
79, 20
83, 20
87, 20
88, 20
90, 20
94, 20
96, 20
98, 20
99, 20
101, 20
102, 20
103, 20
104, 20
128, 20
14, 21
66, 21
97, 21
14, 22
64, 22
65, 22
68, 22
69, 22
70, 22
74, 22
76, 22
77, 22
78, 22
79, 22
83, 22
87, 22
90, 22
94, 22
95, 22
99, 22
101, 22
104, 22
107, 22
108, 22
111, 22
112, 22
113, 22
114, 22
116, 22
118, 22
119, 22
121, 22
14, 23
73, 23
95, 23
97, 23
100, 23
104, 23
117, 23
123, 23
3, 24
4, 24
13, 24
19, 24
24, 24
26, 24
28, 24
30, 24
36, 24
37, 24
63, 24
66, 24
104, 24
14, 25
66, 25
95, 25
97, 25
100, 25
104, 25
117, 25
39, 26
63, 26
66, 26
95, 26
97, 26
100, 26
104, 26
117, 26
123, 26
128, 26
3, 27
10, 27
11, 27
13, 27
14, 27
19, 27
24, 27
26, 27
28, 27
30, 27
36, 27
37, 27
40, 27
46, 27
63, 27
66, 27
95, 27
104, 27
97, 28
99, 28
101, 28
102, 28
103, 28
104, 28
105, 28
106, 28
107, 28
108, 28
109, 28
110, 28
111, 28
112, 28
113, 28
115, 28
116, 28
118, 28
119, 28
120, 28
121, 28
122, 28
123, 28
124, 28
125, 28
128, 28
3, 29
10, 29
14, 29
34, 29
39, 29
63, 29
66, 29
97, 29
99, 29
125, 29
3, 30
10, 30
14, 30
39, 30
47, 30
97, 30
99, 30
104, 30
105, 30
106, 30
123, 30
125, 30
128, 30
3, 31
10, 31
14, 31
34, 31
44, 31
54, 31
63, 31
66, 31
97, 31
99, 31
105, 31
123, 31
125, 31
128, 31
37, 32
55, 32
63, 32
65, 32
68, 32
73, 32
95, 32
97, 32
99, 32
104, 32
105, 32
54, 33
63, 33
66, 33
92, 33
94, 33
95, 33
97, 33
99, 33
100, 33
102, 33
103, 33
108, 33
3, 34
10, 34
14, 34
34, 34
47, 34
63, 34
66, 34
97, 34
99, 34
104, 34
123, 34
125, 34
128, 34
39, 35
49, 35
50, 35
55, 35
63, 35
66, 35
73, 35
95, 35
97, 35
99, 35
100, 35
104, 35
105, 35
110, 35
112, 35
10, 36
14, 36
34, 36
70, 36
73, 36
74, 36
77, 36
78, 36
79, 36
83, 36
87, 36
89, 36
90, 36
91, 36
94, 36
95, 36
97, 36
100, 36
102, 36
103, 36
106, 36
108, 36
113, 36
116, 36
118, 36
3, 37
10, 37
14, 37
30, 37
34, 37
41, 37
44, 37
54, 37
63, 37
66, 37
68, 37
92, 37
95, 37
97, 37
99, 37
104, 37
105, 37
123, 37
125, 37
30, 38
34, 38
47, 38
95, 38
97, 38
99, 38
104, 38
125, 38
128, 38
26, 39
28, 39
30, 39
39, 39
47, 39
104, 39
118, 39
123, 39
125, 39
128, 39
16, 40
36, 40
48, 40
55, 40
57, 40
59, 40
60, 40
61, 40
62, 40
63, 40
64, 40
65, 40
66, 40
68, 40
69, 40
70, 40
71, 40
72, 40
73, 40
74, 40
95, 40
97, 40
99, 40
100, 40
104, 40
118, 40
123, 40
16, 41
29, 41
31, 41
37, 41
38, 41
40, 41
43, 41
55, 41
57, 41
59, 41
63, 41
66, 41
68, 41
74, 41
95, 41
97, 41
100, 41
102, 41
103, 41
104, 41
110, 41
112, 41
117, 41
118, 41
123, 41
125, 41
128, 41
36, 42
39, 42
47, 42
59, 42
74, 42
99, 42
118, 42
123, 42
125, 42
3, 43
10, 43
11, 43
14, 43
27, 43
34, 43
41, 43
48, 43
59, 43
63, 43
66, 43
68, 43
99, 43
110, 43
123, 43
125, 43
128, 43
3, 44
10, 44
11, 44
14, 44
27, 44
36, 44
37, 44
54, 44
55, 44
59, 44
64, 44
65, 44
68, 44
70, 44
74, 44
76, 44
78, 44
79, 44
82, 44
83, 44
84, 44
87, 44
88, 44
89, 44
90, 44
3, 45
10, 45
11, 45
14, 45
27, 45
48, 45
95, 45
100, 45
110, 45
112, 45
118, 45
125, 45
3, 46
10, 46
14, 46
16, 46
27, 46
30, 46
32, 46
34, 46
41, 46
44, 46
48, 46
54, 46
59, 46
63, 46
66, 46
68, 46
74, 46
90, 46
92, 46
95, 46
99, 46
100, 46
105, 46
110, 46
118, 46
123, 46
125, 46
128, 46
14, 47
27, 47
48, 47
67, 47
74, 47
78, 47
79, 47
80, 47
82, 47
84, 47
85, 47
86, 47
88, 47
91, 47
95, 47
97, 47
102, 47
103, 47
104, 47
106, 47
111, 47
115, 47
119, 47
125, 47
128, 47
10, 48
11, 48
15, 48
18, 48
19, 48
20, 48
21, 48
22, 48
23, 48
24, 48
26, 48
27, 48
28, 48
29, 48
30, 48
31, 48
32, 48
33, 48
37, 48
39, 48
40, 48
41, 48
42, 48
43, 48
47, 48
48, 48
49, 48
50, 48
51, 48
52, 48
53, 48
55, 48
56, 48
59, 48
61, 48
63, 48
68, 48
74, 48
92, 48
95, 48
99, 48
105, 48
125, 48
10, 49
11, 49
27, 49
34, 49
41, 49
47, 49
48, 49
67, 49
68, 49
74, 49
78, 49
80, 49
82, 49
84, 49
85, 49
86, 49
88, 49
91, 49
92, 49
95, 49
96, 49
97, 49
105, 49
125, 49
128, 49
10, 50
12, 50
13, 50
15, 50
18, 50
20, 50
21, 50
22, 50
23, 50
24, 50
26, 50
28, 50
29, 50
31, 50
33, 50
37, 50
40, 50
42, 50
43, 50
45, 50
47, 50
49, 50
50, 50
51, 50
52, 50
53, 50
55, 50
56, 50
57, 50
58, 50
59, 50
60, 50
61, 50
62, 50
64, 50
65, 50
67, 50
68, 50
73, 50
74, 50
95, 50
99, 50
105, 50
47, 51
68, 51
110, 51
14, 52
17, 52
19, 52
22, 52
24, 52
26, 52
27, 52
29, 52
30, 52
31, 52
34, 52
36, 52
37, 52
38, 52
40, 52
41, 52
43, 52
44, 52
47, 52
48, 52
50, 52
52, 52
53, 52
54, 52
55, 52
56, 52
57, 52
61, 52
68, 52
77, 52
90, 52
92, 52
95, 52
99, 52
100, 52
102, 52
103, 52
104, 52
105, 52
106, 52
107, 52
111, 52
113, 52
114, 52
123, 52
125, 52
27, 53
47, 53
48, 53
57, 53
84, 53
89, 53
90, 53
100, 53
101, 53
102, 53
125, 53
13, 54
27, 54
36, 54
39, 54
47, 54
48, 54
57, 54
61, 54
73, 54
90, 54
92, 54
95, 54
105, 54
112, 54
118, 54
125, 54
13, 55
21, 55
24, 55
29, 55
30, 55
31, 55
34, 55
36, 55
37, 55
38, 55
39, 55
40, 55
41, 55
43, 55
50, 55
55, 55
57, 55
59, 55
60, 55
62, 55
65, 55
66, 55
68, 55
69, 55
71, 55
72, 55
74, 55
75, 55
76, 55
78, 55
79, 55
105, 55
3, 56
11, 56
13, 56
21, 56
27, 56
54, 56
68, 56
83, 56
90, 56
92, 56
105, 56
125, 56
14, 57
19, 57
24, 57
29, 57
30, 57
31, 57
34, 57
37, 57
48, 57
57, 57
59, 57
61, 57
62, 57
65, 57
6, 58
11, 58
13, 58
21, 58
27, 58
30, 58
32, 58
34, 58
41, 58
44, 58
47, 58
48, 58
57, 58
61, 58
68, 58
79, 58
90, 58
95, 58
110, 58
112, 58
3, 59
30, 59
37, 59
50, 59
55, 59
59, 59
65, 59
68, 59
74, 59
79, 59
81, 59
90, 59
95, 59
125, 59
3, 60
13, 60
16, 60
37, 60
39, 60
47, 60
57, 60
79, 60
90, 60
95, 60
102, 60
105, 60
110, 60
112, 60
118, 60
125, 60
23, 61
26, 61
30, 61
31, 61
39, 61
40, 61
43, 61
47, 61
53, 61
55, 61
57, 61
59, 61
77, 61
79, 61
81, 61
90, 61
95, 61
102, 61
110, 61
112, 61
117, 61
118, 61
125, 61
23, 62
32, 62
37, 62
39, 62
47, 62
48, 62
57, 62
68, 62
79, 62
90, 62
92, 62
95, 62
102, 62
110, 62
112, 62
3, 63
6, 63
11, 63
13, 63
14, 63
15, 63
18, 63
21, 63
23, 63
28, 63
29, 63
30, 63
31, 63
32, 63
33, 63
41, 63
44, 63
48, 63
57, 63
68, 63
77, 63
79, 63
81, 63
90, 63
95, 63
125, 63
16, 64
27, 64
30, 64
32, 64
39, 64
41, 64
44, 64
47, 64
48, 64
57, 64
68, 64
79, 64
83, 64
92, 64
105, 64
112, 64
118, 64
125, 64
3, 65
13, 65
23, 65
39, 65
47, 65
48, 65
57, 65
68, 65
74, 65
79, 65
81, 65
90, 65
102, 65
104, 65
105, 65
110, 65
112, 65
117, 65
118, 65
125, 65
16, 66
32, 66
57, 66
68, 66
105, 66
110, 66
118, 66
125, 66
3, 67
6, 67
13, 67
14, 67
21, 67
23, 67
27, 67
30, 67
32, 67
36, 67
39, 67
41, 67
44, 67
47, 67
48, 67
57, 67
60, 67
62, 67
63, 67
65, 67
72, 67
76, 67
78, 67
79, 67
82, 67
84, 67
92, 67
105, 67
16, 68
39, 68
41, 68
47, 68
48, 68
57, 68
68, 68
79, 68
90, 68
92, 68
95, 68
105, 68
110, 68
112, 68
118, 68
125, 68
13, 69
21, 69
23, 69
27, 69
32, 69
37, 69
41, 69
50, 69
51, 69
53, 69
55, 69
57, 69
59, 69
60, 69
62, 69
63, 69
65, 69
72, 69
74, 69
76, 69
77, 69
78, 69
79, 69
81, 69
82, 69
83, 69
84, 69
87, 69
90, 69
92, 69
95, 69
102, 69
105, 69
107, 69
108, 69
111, 69
112, 69
115, 69
125, 69
13, 70
15, 70
18, 70
20, 70
21, 70
23, 70
25, 70
26, 70
28, 70
29, 70
31, 70
32, 70
33, 70
34, 70
40, 70
42, 70
43, 70
45, 70
48, 70
68, 70
87, 70
90, 70
95, 70
102, 70
110, 70
48, 71
57, 71
92, 71
99, 71
103, 71
115, 71
125, 71
16, 72
21, 72
23, 72
27, 72
32, 72
41, 72
48, 72
57, 72
95, 72
110, 72
112, 72
125, 72
16, 73
21, 73
28, 73
29, 73
31, 73
33, 73
34, 73
36, 73
39, 73
48, 73
49, 73
54, 73
55, 73
57, 73
58, 73
61, 73
62, 73
65, 73
72, 73
73, 73
79, 73
102, 73
107, 73
110, 73
112, 73
23, 74
27, 74
30, 74
32, 74
37, 74
41, 74
48, 74
57, 74
79, 74
84, 74
87, 74
90, 74
95, 74
110, 74
112, 74
3, 75
6, 75
14, 75
57, 75
79, 75
95, 75
102, 75
107, 75
110, 75
112, 75
125, 75
32, 76
38, 76
49, 76
51, 76
54, 76
55, 76
57, 76
61, 76
62, 76
65, 76
73, 76
79, 76
82, 76
84, 76
85, 76
86, 76
87, 76
88, 76
95, 76
98, 76
99, 76
125, 76
5, 77
7, 77
8, 77
9, 77
11, 77
13, 77
15, 77
36, 77
48, 77
57, 77
79, 77
81, 77
84, 77
87, 77
90, 77
95, 77
110, 77
112, 77
125, 77
23, 78
27, 78
32, 78
57, 78
79, 78
81, 78
84, 78
87, 78
90, 78
95, 78
110, 78
112, 78
14, 79
23, 79
27, 79
41, 79
48, 79
49, 79
52, 79
53, 79
54, 79
55, 79
56, 79
57, 79
59, 79
60, 79
61, 79
62, 79
64, 79
65, 79
66, 79
67, 79
68, 79
70, 79
71, 79
73, 79
74, 79
76, 79
77, 79
78, 79
79, 79
80, 79
81, 79
82, 79
83, 79
84, 79
85, 79
86, 79
87, 79
88, 79
89, 79
90, 79
91, 79
95, 79
96, 79
97, 79
99, 79
101, 79
102, 79
103, 79
104, 79
105, 79
106, 79
107, 79
108, 79
110, 79
111, 79
112, 79
113, 79
114, 79
115, 79
116, 79
119, 79
121, 79
122, 79
123, 79
125, 79
36, 80
57, 80
41, 81
43, 81
45, 81
46, 81
49, 81
54, 81
55, 81
57, 81
59, 81
61, 81
62, 81
65, 81
67, 81
73, 81
76, 81
77, 81
78, 81
80, 81
81, 81
82, 81
84, 81
85, 81
86, 81
87, 81
88, 81
90, 81
91, 81
95, 81
96, 81
97, 81
99, 81
101, 81
102, 81
103, 81
104, 81
105, 81
106, 81
107, 81
108, 81
110, 81
32, 82
37, 82
57, 82
60, 82
68, 82
74, 82
79, 82
83, 82
95, 82
33, 83
34, 83
36, 83
37, 83
38, 83
41, 83
43, 83
45, 83
46, 83
49, 83
51, 83
53, 83
54, 83
55, 83
57, 83
59, 83
60, 83
61, 83
62, 83
65, 83
66, 83
73, 83
74, 83
82, 83
83, 83
23, 84
27, 84
30, 84
32, 84
37, 84
57, 84
60, 84
68, 84
79, 84
83, 84
90, 84
6, 85
14, 85
23, 85
32, 85
57, 85
79, 85
87, 85
90, 85
95, 85
112, 85
6, 86
23, 86
27, 86
32, 86
36, 86
43, 86
45, 86
46, 86
57, 86
61, 86
62, 86
65, 86
73, 86
82, 86
84, 86
85, 86
86, 86
87, 86
88, 86
91, 86
99, 86
102, 86
103, 86
105, 86
111, 86
2, 87
4, 87
5, 87
6, 87
7, 87
8, 87
11, 87
13, 87
14, 87
15, 87
19, 87
21, 87
22, 87
25, 87
26, 87
27, 87
31, 87
35, 87
43, 87
46, 87
51, 87
53, 87
55, 87
57, 87
59, 87
63, 87
65, 87
66, 87
68, 87
79, 87
83, 87
87, 87
90, 87
95, 87
43, 88
79, 88
87, 88
90, 88
46, 89
57, 89
70, 89
79, 89
81, 89
87, 89
90, 89
95, 89
107, 89
23, 90
27, 90
43, 90
46, 90
95, 90
16, 91
23, 91
27, 91
36, 91
43, 91
46, 91
57, 91
70, 91
79, 91
90, 91
21, 92
25, 92
26, 92
27, 92
33, 92
42, 92
50, 92
53, 92
55, 92
57, 92
70, 92
79, 92
81, 92
87, 92
90, 92
95, 92
107, 92
16, 93
18, 93
23, 93
27, 93
43, 93
46, 93
55, 93
57, 93
70, 93
79, 93
87, 93
90, 93
95, 93
107, 93
25, 94
26, 94
27, 94
31, 94
32, 94
33, 94
42, 94
46, 94
50, 94
53, 94
56, 94
57, 94
59, 94
60, 94
65, 94
66, 94
70, 94
71, 94
73, 94
76, 94
77, 94
78, 94
81, 94
82, 94
83, 94
84, 94
86, 94
87, 94
88, 94
89, 94
90, 94
91, 94
94, 94
95, 94
96, 94
100, 94
106, 94
107, 94
108, 94
111, 94
114, 94
23, 95
25, 95
26, 95
29, 95
32, 95
34, 95
37, 95
38, 95
40, 95
42, 95
43, 95
44, 95
45, 95
83, 95
57, 96
70, 96
79, 96
81, 96
87, 96
90, 96
38, 97
55, 97
57, 97
61, 97
62, 97
65, 97
66, 97
74, 97
77, 97
81, 97
87, 97
114, 97
16, 98
18, 98
24, 98
27, 98
37, 98
43, 98
55, 98
57, 98
68, 98
70, 98
79, 98
90, 98
6, 99
25, 99
36, 99
43, 99
55, 99
57, 99
70, 99
79, 99
87, 99
90, 99
21, 100
23, 100
25, 100
55, 100
57, 100
70, 100
79, 100
87, 100
90, 100
95, 100
114, 100
13, 101
29, 101
32, 101
36, 101
38, 101
40, 101
43, 101
48, 101
55, 101
57, 101
59, 101
61, 101
62, 101
65, 101
66, 101
67, 101
68, 101
74, 101
76, 101
77, 101
78, 101
80, 101
82, 101
83, 101
84, 101
85, 101
86, 101
87, 101
88, 101
90, 101
25, 102
55, 102
57, 102
70, 102
79, 102
114, 102
43, 103
16, 104
18, 104
43, 104
44, 104
46, 104
47, 104
50, 104
51, 104
52, 104
54, 104
55, 104
56, 104
57, 104
79, 104
24, 105
27, 105
70, 105
79, 105
83, 105
85, 105
86, 105
107, 105
114, 105
55, 106
59, 106
61, 106
62, 106
65, 106
66, 106
74, 106
77, 106
80, 106
82, 106
83, 106
85, 106
86, 106
87, 106
90, 106
114, 106
25, 107
29, 107
36, 107
37, 107
38, 107
40, 107
44, 107
46, 107
52, 107
54, 107
55, 107
57, 107
59, 107
61, 107
62, 107
65, 107
66, 107
67, 107
70, 107
79, 107
90, 107
16, 108
27, 108
79, 108
6, 109
16, 109
18, 109
40, 109
76, 109
77, 109
80, 109
82, 109
83, 109
84, 109
85, 109
86, 109
88, 109
90, 109
29, 110
35, 110
36, 110
37, 110
38, 110
40, 110
44, 110
46, 110
50, 110
51, 110
54, 110
55, 110
57, 110
59, 110
61, 110
62, 110
64, 110
65, 110
67, 110
68, 110
71, 110
76, 110
77, 110
78, 110
79, 110
40, 114
42, 114
46, 114
53, 114
56, 114
59, 114
62, 114
66, 114
69, 114
82, 114
84, 114
88, 114
89, 114
96, 114
100, 114
103, 114
114, 114
36, 115
54, 115
45, 116
6, 118
16, 118
18, 118
45, 119
106, 120
114, 120
12, 121
13, 121
15, 121
23, 121
25, 121
28, 121
33, 121
34, 121
35, 121
36, 121
37, 121
38, 121
44, 121
46, 121
47, 121
50, 121
55, 121
59, 121
62, 121
64, 121
65, 121
66, 121
67, 121
76, 121
77, 121
82, 121
83, 121
84, 121
89, 121
96, 121
103, 121
16, 123
29, 123
36, 123
114, 123
114, 124
29, 125
36, 125
37, 125
46, 125
62, 125
65, 125
67, 125
76, 125
77, 125
83, 125
96, 125
106, 125
113, 125
